tsa:1581355651004.1902878761.5055742.6298193911859393.:20200210175731|
env:1%7C20200312172731%7C20200210175731%7C1%7C1070701:20210209172731|
uid:1581355651003.407559558.86480284.117572.892784569.:20210209172731|
srchist:1070701%3A1%3A20200312172731:20210209172731